numbers1 <- 1.5:6.5
